%YAML:1.0
camera_matrix: !!opencv-matrix
   rows: 3
   cols: 3
   dt: d
   data: [356.94410213878677496, 0.0, 381.64638158380381583,
          0.0, 357.40888097897311582, 227.06518770187651057,
          0.0, 0.0, 1.0]
distortion_coefficients: !!opencv-matrix
   rows: 5
   cols: 1
   dt: d
   data: [-0.25578212099603281, 0.04705855225214325, 0.00070597902035026, -0.00006641342704396, 0.0]

T_BS: !!opencv-matrix
  cols: 4
  rows: 4
  dt: d
  data: [1.0, 0.0, 0.0, 0.0,
         0.0, 1.0, 0.0, 0.0,
         0.0, 0.0, 1.0, 0.0,
         0.0, 0.0, 0.0, 1.0]
